453693978: 7 219 8 44 2 9 3 2 6 4 1 6
61192589: 81 8 83 9 879 6 4 2 6 7 9
6066: 65 29 87 9 14 5 21 3
1957116: 171 37 224 6 42
198050: 342 577 3 2 711
41665119255: 7 7 8 124 371 3 6 2 51 5
3166026: 5 33 9 66 6
1662321: 5 4 7 622 17 6 1 52 43 2
265653132: 630 1 4 9 22 8 498 8 5 7
1060: 88 9 55 4 39 73
157494755: 3 1 4 98 951 5
1952833595452: 7 234 5 550 3 483 3 82
467: 2 71 5 251 5 64
7316189440: 6 2 6 443 1 512 7 4 8 8 7
33138: 4 8 8 8 7 1 49 99 2 6 5 1
913284: 2 89 585 39 270 2 1 3 6
1215195700: 81 4 79 913 52 4
298632108: 6 6 3 6 15 73 210 5
318936618: 150 160 832 403 693
2102812: 3 323 434 5 82
3848880609: 716 5 82 59 651
4940008: 658 1 935 55 31
311641: 23 9 1 6 8 7 6 7 3 5 1 586
722421: 81 9 30 3 8
33606277360: 672 5 6 277 36 1
13106566: 2 73 2 1 24 38 63 66
54290459591: 4 9 7 1 554 6 7 2 62 859
4886125: 1 56 5 829 2 7 5 1 1 4 9 2
274540788: 6 3 715 6 3 68 51 3 3 2 3
